1087
1226
1238
1241
1255
1258
1275
1333
1338
1364
1368
1380
1438
1443
1446
1461
1467
1527
1534
1544
1550
1568
1617
1624
1629
1673
1678
1680
1682
1711
1714
1732
1733
1797
1903
1929
1961
1984
1985
2052
2054
2067
2073
2076
2092
2093
2106
2125
2128
2147
2161
2164
2204
2209
2257
2261
2276
2280
2286
2305
2315
2336
2349
2353
2416
2419
2422
2437
2458
2507
2524
2631
2642
2677
2688
2695
2697
2702
2727
2769
2774
2837
2841
2873
2880
2896
2929
2930
3032
3034
3052
3067
3179
3196
3201
3209
3213
3217
3254
3400
3420
3428
3469
3487
3569
3594
3596
3597
3602
3637
3718
3719
3725
3732
3826
3837
3846
3856
3877
3906
3924
3930
3978
4015
4022
4052
4081
4114
4166
4206
4233
4318
4325
4342
4354
4356
4357
4358
4360
4361
4362
4363
4366
4369
4376
4386
4394
4430
4434
4442
4472
4478
4484
4488
4496
4502
4552
4614
4618
4717
4718
4720
4753
4821
4844
4859
4868
4876
4898
4913
4966
4970
5025
5051
5062
5078
5129
5130
5140
5157
5177
5186
5188
5212
5294
5300
5303
5335
5384
5401
5447
5451
5466
5475
5498
5583
5585
5587
5598
5610
5617
5630
5637
5682
5683
5740
5745
5757
5771
5896
5940
5999
6047
6055
6057
6095
6112
6155
6161
6194
6220
6237
6244
6296
6311
6365
6366
6371
6403
6434
6464
6476
6526
6591
6691
6695
6788
6819
6820
6826
6852
6855
6870
6872
6896
6934
6936
6938
6973
6976
6984
7017
7039
7056
7104
7129
7137
7140
7150
7159
7176
7265
7276
7303
7309
7381
7419
7422
7472
7528
7539
7560
7594
7620
7628
7631
7663
7678
7794
7879
7887
7890
7910
7912
7927
7930
7934
7940
7987
8011
8032
8033
8049
8065
8068
8075
8076
8104
8106
8107
8112
8114
8125
8134
8182
8200
8211
8217
8238
8300
8324
8341
8360
8368
8377
8387
8389
8391
8438
8440
8443
8468
8505
8507
8508
8511
8512
8516
8518
8519
8521
8522
8524
8525
8549
8555
8590
8627
8630
8646
8655
8708
8709
8715
8725
8728
8736
8755
8800
8838
8847
8866
8941
8948
9018
9022
9037
9076
9138
9148
9158
9177
9202
9241
9344
9345
9364
9406
9437
9448
9505
9530
9550
9569
9601
9604
9651
9660
9688
9693
9781
9802
9834
9839
9859
9873
9878
9904
9979
9993
10023
10036
10101
10143
10146
10148
10161
10162
10168
10197
10206
10210
10221
10294
10296
10340
10346
10389
10437
10461
10483
10487
10489
10496
10501
10509
10513
10514
10522
10547
10548
10563
10568
10585
10589
10591
10600
10615
10636
10664
10673
10687
10730
10736
10743
10850
10879
10887
10923
10938
10939
10942
10959
10963
10994
11010
11024
11038
11048
11082
11106
11122
11153
11170
11189
11329
11367
11382
11400
11417
11452
11478
11485
11487
11527
11558
11571
11577
11597
11604
11606
11622
11631
11704
11705
11760
11781
11833
11923
11960
11967
11968
11969
11980
12039
12040
12042
12044
12045
12046
12087
12088
12187
12188
12353
12411
12475
12492
12508
12510
12511
12512
12577
12686
12688
12821
12990
12995
13037
13080
13115
13116
13130
13131
13132
13147
13157
13158
13183
13191
13280
13431
13460
13466
13493
13541
13551
13567
13586
13762
13763
13827
13871
13952
13984
14010
14114
14185
14265
14316
14344
14359
14398
14556
14608
14633
14647
14815
14878
14923
14934
14991
15055
15060
15084
15162
15168
15204
15284
15291
15296
15306
15316
15476
15646
15793
16017
16161
16406
16455
16471
16478
16483
16491
16927
17228
17597
17922
18000
18109
18443
18465
18660
18691
18756
19171
19176
19309
19311
19377
19433
19494
19618
19692
19962
20063
20064
20073
20168
20180
20198
20214
20217
20293
20298
20399
20513
20516
20548
20553
20653
20683
20684
21222
21431
21493
21732
21740
21764
21791
21963
22008
22053
22072
22231
22255
22323
22367
22668
22671
22808
22946
22962
22974
22999
23002
23047
23068
23146
23338
23433
23561
23961
23976
23999
24005
24022
24085
24131
24314
24412
24558
24879
25240
25351
25495
25501
25533
25628
25672
25745
25874
25956
26013
26028
26069
26101
26303
26431
26543
26685
26759
26864
27032
27199
27265
27517
27594
27677
27786
28187
28229
28256
28296
28460
28564
28599
28651
28788
28791
28939
29098
29135
29138
29167
29169
29173
29360
29453
29565
29631
29675
29760
29873
30075
30213
30234
30241
30400
30428
30838
30893
30907
31101
31120
31156
31252
31469
31625
33979
34010
34034
34183
34296
35004
35613
35883
36897
36951
39637
40383
41733
41797
41799
41901
43507
45723
50770
60798
61058
61084
61413
61535
61645
61971
62152
62204
62404
62446
62473
62626
62663
62756
62988
63110
63335
63383
63607
63673
63695
63770
63923
63985
64136
64168
64201
64409
64535
64741
64799
64831
64879
64940
64957
64966
65071
65220
65308
65464
65503
65653
65654
65743
65827
65856
66005
66029
66149
66228
66515
66531
66596
66631
66682
100165
100571
100712
101559
105325
105512
105996
106210
106418
106519
106847
107272
107362
107691
107755
107830
107917
108391
108482
108645
116387
116394
117320
118795
119013
120093
121934
122197
123799
124361
130042
133166
135244
136009
136287
139225
140194
140205
140228
140757
140800
140837
140905
141597
141982
142027
142337
142339
142382
142391
142540
142566
142933
142945
143625
143827
145109
145658
145721
145812
145956
146037
146136
146137
146659
147483
148031
148281
148770
149268
150699
151364
151632
151772
154354
154357
155393
156178
157947
158033
159194
160214
160341
160874
161993
162122
162221
162459
162739
162909
162941
163596
163697
163880
163921
164004
164046
164109
164218
164541
164665
165556
165733
165880
166061
166436
166458
170374
170620
170627
170750
170773
170781
171001
171099
171212
171235
174169
174656
175006
175157
176070
176107
176408
176756
176840
176862
176899
177206
177381
177884
177896
177901
178319
178674
178684
178798
178835
178870
178878
178921
179014
179739
179782
179831
180449
180648
180984
181268
181429
181869
183104
183144
183235
183253
184006
184040
184044
184262
184382
184442
184652
184740
184742
185654
185695
186013
186019
186061
186087
186180
186212
186235
186276
186531
186553
186558
186734
186973
187098
187128
187167
187255
187287
187316
187435
187540
187625
187698
187810
187812
187836
187961
188663
194755
208467
213050
247371
266163
272838
273395
278151
282189
322985
325211
